22 0.464474 0.642857 0.0921053 0.1875 0.379806
1 0.856579 0.746652 0.0184211 0.0334821 0.520798
2 0.254605 0.636161 0.0197368 0.03125 0.598977
1 0.125658 0.178571 0.0197368 0.0357143 0.689856
1 0.325658 0.631696 0.0223684 0.0357143 0.752785
1 0.134211 0.617188 0.0210526 0.0379464 0.763337
1 0.263816 0.910714 0.0223684 0.0401786 0.767561
1 0.878289 0.904018 0.0171053 0.0267857 0.781066
1 0.314474 0.168527 0.0210526 0.0290179 0.792839
1 0.838158 0.151786 0.0184211 0.03125 0.796922
1 0.229605 0.175223 0.0144737 0.0245536 0.798169
1 0.739474 0.927455 0.0184211 0.0290179 0.800628
1 0.6875 0.155134 0.0223684 0.0379464 0.81418
1 0.131579 0.478795 0.0157895 0.0245536 0.8149
15 0.856579 0.435268 0.0447368 0.303571 0.855931
1 0.690789 0.453125 0.0289474 0.0491071 0.860808
27 0.671053 0.629464 0.147368 0.294643 0.875029
0 0.452632 0.75558 0.05 0.0558036 0.875543
12 0.323026 0.38058 0.119737 0.0870536 0.884087
0 0.751316 0.320312 0.0736842 0.0602679 0.889697
2 0.233553 0.479911 0.0539474 0.111607 0.89001
8 0.129605 0.385045 0.127632 0.0825893 0.899988
0 0.346053 0.316964 0.0368421 0.0535714 0.920759
0 0.434211 0.0558036 0.0868421 0.0625 0.925152
0 0.923684 0.402902 0.0578947 0.0602679 0.926688
9 0.435526 0.457589 0.105263 0.0758929 0.929666
9 0.682237 0.315848 0.0671053 0.216518 0.931196
9 0.451974 0.147321 0.135526 0.0982143 0.934225
0 0.643421 0.800223 0.0894737 0.0602679 0.935964
0 0.0375 0.473214 0.0513158 0.0669643 0.940557