1 0.484608 0.0507246 0.0218471 0.028133 0.698688
1 0.506455 0.528133 0.0218471 0.026428 0.719609
1 0.746442 0.27728 0.0172128 0.0217391 0.737837
1 0.90864 0.273657 0.0258193 0.0332481 0.746674
1 0.278054 0.276215 0.0178749 0.0230179 0.749698
1 0.091195 0.285592 0.0241642 0.0306905 0.760988
8 0.480801 0.777067 0.0513075 0.200341 0.761455
1 0.918736 0.705882 0.0248262 0.0332481 0.787298
1 0.135882 0.794118 0.0241642 0.0315431 0.80737
0 0.46756 0.944587 0.060576 0.0613811 0.862523
15 0.612049 0.144288 0.082092 0.0771526 0.864841
0 0.679245 0.485934 0.0377358 0.0485933 0.884257
9 0.37769 0.152174 0.0529626 0.0647911 0.904619
8 0.636379 0.413683 0.0526316 0.0882353 0.905659
0 0.349719 0.0888747 0.061238 0.0669224 0.919897
12 0.499007 0.246164 0.0758027 0.044757 0.927855
9 0.366269 0.376385 0.0532936 0.0622336 0.932631
0 0.324892 0.432225 0.0652102 0.0605286 0.935602
0 0.642668 0.0739557 0.040715 0.0515772 0.943002
