0 0.89881 0.235739 0.135582 0.0200893 0.326088
0 0.719577 0.134053 0.131614 0.0280258 0.349517
0 0.925265 0.19494 0.14881 0.0327381 0.405939
0 0.929398 0.258061 0.141204 0.0215774 0.561215
0 0.917659 0.218378 0.11045 0.0240575 0.610342
8 0.511409 0.135541 0.0922619 0.0215774 0.643797
12 0.510582 0.135169 0.0899471 0.0208333 0.648884
1 0.750165 0.682912 0.0115741 0.00917659 0.720647
1 0.746693 0.631324 0.0145503 0.0106647 0.735867
1 0.281911 0.644593 0.0168651 0.0124008 0.740028
1 0.750165 0.553943 0.0155423 0.0116567 0.746283
1 0.647652 0.383805 0.0142196 0.0101687 0.747596
1 0.931878 0.674231 0.0138889 0.0101687 0.749894
1 0.087963 0.387153 0.0178571 0.0128968 0.752046
1 0.285549 0.696553 0.0142196 0.0106647 0.75491
1 0.646164 0.406622 0.0145503 0.0106647 0.755396
1 0.636409 0.557292 0.0155423 0.0114087 0.755717
1 0.746032 0.728423 0.0138889 0.0104167 0.759123
1 0.363095 0.385913 0.015873 0.0124008 0.769688
1 0.361442 0.222346 0.0145503 0.0106647 0.772644
1 0.745536 0.40873 0.0128968 0.0094246 0.779492
1 0.493882 0.640377 0.014881 0.0109127 0.780044
1 0.0864749 0.702753 0.0162037 0.0121528 0.785123
1 0.291171 0.761781 0.0168651 0.0126488 0.785173
1 0.653274 0.233631 0.0142196 0.0109127 0.796582
1 0.500992 0.226314 0.0145503 0.0106647 0.798877
1 0.35797 0.559028 0.0155423 0.0114087 0.805222
1 0.926257 0.382688 0.0125661 0.0094246 0.807535
0 0.145337 0.0724206 0.171627 0.03125 0.81967
1 0.489914 0.561384 0.0128968 0.00967262 0.831749
0 0.147983 0.046379 0.179563 0.0352183 0.836679
12 0.184689 0.387153 0.0439815 0.0496032 0.865218
12 0.610284 0.633185 0.0386905 0.0441468 0.872979
12 0.383433 0.637773 0.0446429 0.0458829 0.877322
0 0.529597 0.777778 0.117394 0.0357143 0.898531
12 0.746858 0.460689 0.0552249 0.0210813 0.900516
12 0.830522 0.388641 0.0367064 0.0510913 0.900995
4 0.494378 0.671999 0.0595238 0.0240575 0.904963
0 0.443783 0.313616 0.119709 0.0270337 0.912088
0 0.429894 0.460689 0.0806878 0.0245536 0.916883
0 0.863922 0.352059 0.0757275 0.0265377 0.918778
0 0.625496 0.665303 0.0770503 0.0250496 0.919461
0 0.789517 0.481895 0.0539021 0.0243056 0.9196
15 0.532738 0.740451 0.167328 0.0334821 0.919703
9 0.650628 0.324157 0.0386905 0.0401786 0.92111
0 0.361111 0.679812 0.0734127 0.0267857 0.924061
0 0.5792 0.458953 0.0618386 0.0250496 0.924235
0 0.728671 0.320685 0.107474 0.0248016 0.928259
0 0.184193 0.43006 0.109127 0.0322421 0.93161
9 0.356812 0.452381 0.0608466 0.0709325 0.935498
9 0.356316 0.318204 0.0499339 0.0570436 0.940493
0 0.567295 0.113963 0.0505952 0.0225694 0.940908
9 0.639385 0.447917 0.0492725 0.0575397 0.944097
